Name,Age,Height
Rock,53,50
Name,Age,Height
Rock,53,51
Name,Age,Height
Rock,53,51
Rock,53,51
Rock,53,55
